-3.641750812530517578e-01
1.187181994318962097e-01
4.092205166816711426e-01
-4.107642769813537598e-01
1.702125668525695801e-01
-4.115561246871948242e-01
1.578107178211212158e-01
-1.935394406318664551e-01
1.636185050010681152e-01
-1.252651214599609375e-01
-3.236719220876693726e-02
-1.731168627738952637e-01
-8.084927499294281006e-02
2.941741347312927246e-01
-1.430743038654327393e-01
5.470024347305297852e-01
2.503262162208557129e-01
-1.908331811428070068e-01
-5.562295913696289062e-01
3.170818686485290527e-01
5.638107061386108398e-01
2.195631563663482666e-01
2.331891953945159912e-01
1.938862055540084839e-01
5.622970461845397949e-01
1.055044494569301605e-02
2.398171424865722656e-01
-3.638049960136413574e-01
-1.950545161962509155e-01
-6.156340241432189941e-02
5.943396091461181641e-01
-1.287050694227218628e-01
1.761748343706130981e-01
4.834941774606704712e-02
-9.751188755035400391e-02
-2.760262191295623779e-01
7.317593321204185486e-03
-2.163487225770950317e-01
6.314404308795928955e-02
8.122957497835159302e-02
-1.986090242862701416e-01
-3.725910782814025879e-01
4.781748354434967041e-02
7.709102332592010498e-02
-1.511095166206359863e-01
-2.006324380636215210e-01
-2.878891229629516602e-01
-7.471467554569244385e-02
-2.281756699085235596e-01
-6.063124537467956543e-02
-1.458359360694885254e-01
4.354901239275932312e-02
-9.493026137351989746e-02
2.542253956198692322e-02
2.945606708526611328e-01
3.421162068843841553e-01
1.485827863216400146e-01
-3.190614581108093262e-01
-3.419736623764038086e-01
-2.628512382507324219e-01
4.877085685729980469e-01
1.015095338225364685e-01
3.939222097396850586e-01
-1.031204685568809509e-02
2.434325814247131348e-01
1.230600774288177490e-01
8.433424681425094604e-02
7.482165098190307617e-02
-3.610606789588928223e-01
-1.142743900418281555e-01
-2.713657617568969727e-01
-1.609324216842651367e-01
6.402090936899185181e-02
3.839489519596099854e-01
1.087640672922134399e-01
-1.142278965562582016e-02
-1.202101483941078186e-01
3.384354114532470703e-01
1.343805938959121704e-01
-8.028733730316162109e-02
3.990468010306358337e-02
3.308065235614776611e-01
-3.398692011833190918e-01
-4.326697438955307007e-02
-4.921510070562362671e-02
-7.925021648406982422e-02
3.478418588638305664e-01
1.130335703492164612e-01
-5.937683582305908203e-01
5.998422503471374512e-01
3.477751314640045166e-01
-2.229608595371246338e-01
1.462298333644866943e-01
4.413617402315139771e-02
1.912946850061416626e-01
-2.142251282930374146e-02
-2.671046853065490723e-01
1.111469119787216187e-01
2.361703664064407349e-02
2.329416126012802124e-01
-9.146955609321594238e-02
1.855252683162689209e-01
1.565500795841217041e-01
1.178033202886581421e-01
1.120919883251190186e-01
6.225589662790298462e-02
-4.105255380272865295e-02
2.561260759830474854e-01
-4.371789097785949707e-01
5.747950077056884766e-01
1.305073946714401245e-01
-2.120777964591979980e-03
-3.780255913734436035e-01
-4.472745358943939209e-01
-1.134319454431533813e-01
-1.737743169069290161e-01
9.792517125606536865e-02
-5.788961052894592285e-02
6.290277093648910522e-02
2.177627980709075928e-01
-6.567796319723129272e-02
-2.523269355297088623e-01
1.854767203330993652e-01
6.025215983390808105e-01
1.434424221515655518e-01
1.443794369697570801e-01
-3.082183003425598145e-01
2.559492886066436768e-01
-4.742817580699920654e-02
3.652050495147705078e-01
-4.121595248579978943e-02
1.627293042838573456e-02
-3.617339134216308594e-01
1.037242561578750610e-01
-3.190777301788330078e-01
6.552459299564361572e-02
3.016776964068412781e-02
-1.649598032236099243e-01
-2.616145610809326172e-01
-1.725819408893585205e-01
1.292909085750579834e-01
5.628333613276481628e-02
8.522924035787582397e-02
2.010439485311508179e-01
2.401367202401161194e-02
-1.002296283841133118e-01
-2.052634954452514648e-05
-1.295966655015945435e-01
5.990505963563919067e-02
4.287599623203277588e-01
1.299496442079544067e-01
-2.760276384651660919e-02
-4.429602995514869690e-03
2.240928113460540771e-01
-2.042063772678375244e-01
-1.191607490181922913e-01
-2.354011684656143188e-02
-1.449638605117797852e-01
-4.024507850408554077e-02
-3.206475377082824707e-01
3.490318655967712402e-01
4.683352261781692505e-02
-1.936636865139007568e-01
2.182032912969589233e-01
5.157630443572998047e-01
1.546248942613601685e-01
-3.051554560661315918e-01
1.917369365692138672e-01
-4.211279153823852539e-01
2.786709368228912354e-02
-1.465412378311157227e-01
-3.029021024703979492e-01
5.430245399475097656e-01
-2.161142528057098389e-01
-1.754941940307617188e-01
2.120204269886016846e-01
1.139041632413864136e-01
-1.614526361227035522e-01
4.729850590229034424e-02
2.041251659393310547e-01
-3.581790328025817871e-01
4.630300402641296387e-02
-3.781735152006149292e-02
2.603529691696166992e-01
1.176466420292854309e-02
-1.746168583631515503e-01
2.950062751770019531e-01
1.072544977068901062e-01
4.483264982700347900e-01
-9.812454879283905029e-02
-1.483656167984008789e-01
-1.518112719058990479e-01
1.861941665410995483e-01
-1.446687877178192139e-01
6.178575158119201660e-01
6.398317962884902954e-02
7.685960829257965088e-02
2.730782926082611084e-01
4.988734051585197449e-02
2.204063162207603455e-02
3.556448817253112793e-01
3.418161273002624512e-01
3.891780376434326172e-01
3.086422383785247803e-01
-2.137083113193511963e-01
2.654428482055664062e-01
2.822017073631286621e-01
9.475915133953094482e-02
4.880691319704055786e-02
3.895331919193267822e-01
-6.645199656486511230e-02
4.155782163143157959e-01
2.092036455869674683e-01
1.381407976150512695e-01
-2.665880322456359863e-01
-3.354470133781433105e-01
1.094225943088531494e-01
7.650771737098693848e-02
3.911926150321960449e-01
7.630750536918640137e-03
-1.971143931150436401e-01
1.272127330303192139e-01
-3.679542541503906250e-01
6.224781274795532227e-01
-4.328343868255615234e-01
4.141480326652526855e-01
4.017763137817382812e-01
-8.803111910820007324e-01
-1.027203872799873352e-01
3.332176804542541504e-01
-1.968676447868347168e-01
-7.546584606170654297e-01
8.894526958465576172e-01
-4.012959301471710205e-01
1.862901747226715088e-01
5.896205455064773560e-02
-1.997553706169128418e-01
-2.363050878047943115e-01
2.450240254402160645e-01
-4.597455263137817383e-01
-1.212795674800872803e-01
4.603977203369140625e-01
-4.796239733695983887e-02
1.757535487413406372e-01
-4.447576403617858887e-02
-1.228267773985862732e-01
-4.220095276832580566e-01
-2.600005269050598145e-01
-1.661822199821472168e-01
-2.746357321739196777e-01
-4.521855711936950684e-01
3.577762842178344727e-01
2.956937551498413086e-01
-5.310447216033935547e-01
2.386066019535064697e-01
-3.527558445930480957e-01
-3.476689457893371582e-01
-5.239497423171997070e-01
7.872623205184936523e-02
-7.310322672128677368e-02
1.575045287609100342e-01
3.188927471637725830e-01
2.682325989007949829e-02
1.069001406431198120e-01
-4.815090894699096680e-01
-5.369965434074401855e-01
2.711687982082366943e-01
3.641467690467834473e-01
4.940474629402160645e-01
1.446195244789123535e-01
-4.056923463940620422e-02
1.660546660423278809e-01
-2.638444006443023682e-01
4.174026846885681152e-01
-2.454150319099426270e-01
3.961899876594543457e-01
3.831481337547302246e-01
3.830818533897399902e-01
1.348026245832443237e-01
-3.991454541683197021e-01
2.255353331565856934e-01
3.885801434516906738e-01
4.708620309829711914e-01
7.971297949552536011e-02
-1.263457387685775757e-01
-2.417336553335189819e-01
-2.812720835208892822e-03
-1.400973498821258545e-01
6.742179393768310547e-02
-1.765990853309631348e-01
-2.833147719502449036e-02
5.347380638122558594e-01
-1.171547174453735352e-01
-4.661005735397338867e-02
5.216276049613952637e-01
1.078530848026275635e-01
-1.904484033584594727e-01
-1.033550947904586792e-01
4.286599755287170410e-01
-4.260847568511962891e-01
-5.787353515625000000e-01
3.071136474609375000e-01
1.624742299318313599e-01
-7.012264803051948547e-03
3.796011209487915039e-01
2.188061177730560303e-01
-6.224859133362770081e-02
-3.939161598682403564e-01
-3.459680557250976562e+00
-1.912391483783721924e-01
-6.281347945332527161e-03
-2.621229290962219238e-01
3.997781872749328613e-01
-2.381592839956283569e-01
2.313010394573211670e-01
2.297832071781158447e-02
-2.317095398902893066e-01
2.708539664745330811e-01
2.236876636743545532e-03
4.629147797822952271e-02
1.338429450988769531e-01
4.015033245086669922e-01
2.580679357051849365e-01
6.014242768287658691e-02
-2.283937335014343262e-01
-5.162722617387771606e-02
-2.907536923885345459e-01
4.739629626274108887e-01
-1.994447559118270874e-01
-4.928229749202728271e-01
4.801224470138549805e-01
7.703679800033569336e-02
3.535906672477722168e-01
-7.415339350700378418e-04
-4.008865356445312500e-01
-9.701115638017654419e-02
-2.971025109291076660e-01
-4.738196432590484619e-01
6.527357697486877441e-01
-2.239036932587623596e-02
7.273035589605569839e-03
2.358190417289733887e-01
-2.016279995441436768e-01
-9.973570704460144043e-02
1.325172185897827148e-01
-4.109053909778594971e-01
1.203020885586738586e-01
-5.949266552925109863e-01
-2.176778763532638550e-01
-1.149225234985351562e+00
-2.616699039936065674e-01
2.809166908264160156e-01
2.076280713081359863e-01
6.387268751859664917e-02
-3.021403551101684570e-01
1.866198331117630005e-01
1.624198704957962036e-01
6.723941862583160400e-02
-2.223480120301246643e-02
2.015069276094436646e-01
-4.203743338584899902e-01
-1.968267410993576050e-01
-1.440845578908920288e-01
2.345827817916870117e-01
2.506181001663208008e-01
4.374925494194030762e-01
-3.466851115226745605e-01
-6.386886537075042725e-02
-3.325576782226562500e-01
-1.551670134067535400e-01
-6.899179816246032715e-01
-1.890655159950256348e-01
-3.161397278308868408e-01
-9.644605219364166260e-02
-4.472364187240600586e-01
-1.185855120420455933e-01
-1.699726283550262451e-01
9.673367440700531006e-02
-4.585606455802917480e-01
3.639590740203857422e-01
-9.123799204826354980e-02
2.517950534820556641e-01
-2.579154074192047119e-01
-2.554573118686676025e-01
2.123810052871704102e-01
-1.326085478067398071e-01
1.990997791290283203e-02
2.973805367946624756e-01
3.345142304897308350e-02
-2.340153753757476807e-01
2.830730080604553223e-01
2.188728153705596924e-01
-3.044939637184143066e-01
5.975831300020217896e-02
2.505422830581665039e-01
-4.262898564338684082e-01
-2.315825074911117554e-01
-3.308030068874359131e-01
4.185231328010559082e-01
-9.805528819561004639e-02
4.564923048019409180e-02
-4.477619752287864685e-02
3.672184944152832031e-01
2.338964045047760010e-01
3.833251595497131348e-01
-2.879894375801086426e-01
3.731110095977783203e-01
-5.610799789428710938e-01
3.285342156887054443e-01
2.350575625896453857e-01
3.194618821144104004e-01
-3.000329732894897461e-01
3.902397453784942627e-01
-2.410694360733032227e-01
-6.918935775756835938e-01
1.041072383522987366e-01
1.561276465654373169e-01
-3.763186931610107422e-02
5.176144838333129883e-01
-2.206908762454986572e-01
4.896270632743835449e-01
-4.496790170669555664e-01
-6.904414296150207520e-02
-3.118748664855957031e-01
1.438444554805755615e-01
4.016336798667907715e-01
7.902151346206665039e-02
-1.236739903688430786e-01
-1.560112237930297852e-01
8.865334093570709229e-02
-4.587697386741638184e-01
-8.389940261840820312e-01
-7.297435998916625977e-01
2.425269186496734619e-01
-4.078090190887451172e-01
1.683133989572525024e-01
-1.719368696212768555e-01
3.257984519004821777e-01
-4.487894177436828613e-01
-4.860595613718032837e-02
-2.697862088680267334e-01
-2.819135189056396484e-01
3.275597691535949707e-01
-1.179489959031343460e-02
-9.115248918533325195e-02
-4.259052276611328125e-01
5.804081261157989502e-02
2.447437047958374023e-01
-1.161640733480453491e-01
-2.668310403823852539e-01
2.397809773683547974e-01
-2.655377686023712158e-01
1.970548927783966064e-01
-2.678196877241134644e-02
1.450920701026916504e-01
2.639994025230407715e-03
-2.464581131935119629e-01
4.843403026461601257e-02
-8.485922217369079590e-01
-7.110681533813476562e-01
1.125959828495979309e-01
-2.745840549468994141e-01
-5.627365708351135254e-01
2.582122087478637695e-01
-3.113798797130584717e-03
-3.049162626266479492e-01
1.674699187278747559e-01
-5.015188455581665039e-01
2.222841531038284302e-01
-1.881337016820907593e-01
-2.423703372478485107e-01
-2.217424362897872925e-01
6.227690353989601135e-02
7.544354200363159180e-01
-1.461322307586669922e-01
-2.055250406265258789e-01
3.736203312873840332e-01
-5.071811676025390625e-01
-2.707262039184570312e-01
-2.053752243518829346e-01
-2.565899491310119629e-01
-2.431889921426773071e-01
2.192119881510734558e-02
1.007975935935974121e+00
2.052836865186691284e-01
-1.032478362321853638e-02
-2.128635048866271973e-01
3.831318616867065430e-01
-1.106891930103302002e-01
5.379612743854522705e-02
-3.310425877571105957e-01
1.517503410577774048e-01
2.406411767005920410e-01
-7.767169922590255737e-02
1.290070563554763794e-01
-3.183580040931701660e-01
1.550836265087127686e-01
-2.470720112323760986e-01
-1.189609244465827942e-01
3.021518290042877197e-01
-7.903233915567398071e-02
2.453936040401458740e-01
3.285681456327438354e-02
-9.498865902423858643e-02
5.474335551261901855e-01
6.106399372220039368e-02
1.619935631752014160e-01
-9.844505786895751953e-02
1.669142544269561768e-01
-3.421478271484375000e-01
-9.322647005319595337e-03
3.007137477397918701e-01
4.324623197317123413e-02
-4.026650190353393555e-01
-1.397375464439392090e-01
8.821360766887664795e-03
2.723115682601928711e-02
1.540367305278778076e-01
-5.657593011856079102e-01
-3.070533573627471924e-01
9.335365146398544312e-03
1.087650507688522339e-01
4.975919723510742188e-01
-8.575802445411682129e-01
2.913914434611797333e-02
5.534765776246786118e-03
-5.675170421600341797e-01
9.159567207098007202e-02
3.931605219841003418e-01
-1.173689365386962891e-01
-1.875970326364040375e-02
-3.445004224777221680e-01
-1.521040946245193481e-01
-4.268857836723327637e-02
3.727009892463684082e-01
-2.659993171691894531e-01
7.234198600053787231e-02
-1.250942423939704895e-02
1.563071273267269135e-02
-6.973443627357482910e-01
5.129578337073326111e-02
-4.648715257644653320e-04
-4.018783569335937500e-01
6.160523742437362671e-03
-8.596580475568771362e-03
-8.829361796379089355e-01
1.002274081110954285e-01
4.629530012607574463e-04
8.892765641212463379e-02
1.570193618535995483e-01
-1.453155726194381714e-01
-7.620968222618103027e-01
3.572208881378173828e-01
2.125903069972991943e-01
2.422338426113128662e-01
1.880287826061248779e-01
1.003333600237965584e-03
6.544929742813110352e-01
1.895162761211395264e-01
-7.870425283908843994e-02
1.401635408401489258e-01
-6.547525525093078613e-01
1.451156437397003174e-01
-9.385042190551757812e-01
-3.184251785278320312e-01
1.788338720798492432e-01
-3.681256473064422607e-01
2.744825482368469238e-01
-2.044101059436798096e-01
1.642510294914245605e-01
7.976458966732025146e-02
-1.880374103784561157e-01
5.820447579026222229e-03
4.544049128890037537e-02
1.910579204559326172e-01
9.799911081790924072e-02
1.724052578210830688e-01
-5.808132886886596680e-01
6.338525414466857910e-01
-5.531619787216186523e-01
-1.829183101654052734e-01
-5.318318605422973633e-01
2.130614221096038818e-02
-2.341522648930549622e-02
-1.411144435405731201e-01
-8.847931027412414551e-02
7.414954900741577148e-01
-1.115485802292823792e-01
-2.271739840507507324e-01
-2.592312097549438477e-01
-2.618589997291564941e-01
-4.294261336326599121e-03
1.708856821060180664e-01
-4.078434109687805176e-01
9.046875685453414917e-02
-2.042561024427413940e-02
-2.143726050853729248e-01
-1.457300186157226562e-01
3.089678287506103516e-01
-1.740290522575378418e-01
-3.560516834259033203e-01
-2.057777941226959229e-01
-8.173083066940307617e-01
8.212089538574218750e-02
1.304928958415985107e-01
7.757715135812759399e-02
-1.318890601396560669e-02
1.445156894624233246e-02
3.421990573406219482e-02
-2.647395133972167969e-01
2.733147144317626953e-01
-1.801760494709014893e-01
-6.333277225494384766e-01
1.849594861268997192e-01
2.689803838729858398e-01
-4.835789203643798828e-01
-1.252538710832595825e-01
3.550017252564430237e-02
-2.597188763320446014e-02
-1.832374781370162964e-01
5.256364345550537109e-01
-6.749936938285827637e-02
-2.625991702079772949e-01
-6.209454536437988281e-01
-2.790482938289642334e-01
2.615861594676971436e-02
2.628145813941955566e-01
1.847502887248992920e-01
-3.349462524056434631e-02
2.806544899940490723e-01
6.629073619842529297e-01
6.350520066916942596e-03
3.480700850486755371e-01
-7.354114949703216553e-02
-4.765659198164939880e-02
-1.774258017539978027e-01
-1.028691977262496948e-01
1.406473666429519653e-02
4.392807781696319580e-01
5.074993893504142761e-02
2.047514319419860840e-01
4.641149044036865234e-01
3.774131089448928833e-02
4.389714449644088745e-02
-3.265524506568908691e-01
-4.586968421936035156e-01
4.092168807983398438e-02
-4.443415999412536621e-02
2.618548460304737091e-03
2.454724609851837158e-01
3.916103839874267578e-01
4.149227961897850037e-02
3.640469908714294434e-01
1.018161475658416748e-01
3.557410240173339844e-01
-3.047510422766208649e-02
8.323293924331665039e-01
9.423468112945556641e-01
1.790851950645446777e-01
9.085271507501602173e-02
-4.207463562488555908e-02
-3.110135793685913086e-01
6.305764615535736084e-02
1.525785923004150391e-01
9.951610863208770752e-02
1.996040493249893188e-01
-3.707855939865112305e-01
6.298550367355346680e-01
9.964381903409957886e-02
4.013286828994750977e-01
4.265409708023071289e-02
-2.434055656194686890e-01
-2.303626239299774170e-01
-2.033778652548789978e-02
1.102809980511665344e-01
-3.508683145046234131e-01
-1.316005289554595947e-01
1.284014731645584106e-01
2.099798917770385742e-01
-4.027405679225921631e-01
-1.772722899913787842e-01
2.189174294471740723e-02
6.969045102596282959e-02
-3.968492150306701660e-02
-9.597285836935043335e-02
-8.277338743209838867e-02
2.817933857440948486e-01
2.932002246379852295e-01
-1.226920858025550842e-01
-3.971628248691558838e-01
1.591119319200515747e-01
-5.920709371566772461e-01
-1.539912372827529907e-01
-4.702229499816894531e-01
-2.072503417730331421e-01
3.127572238445281982e-01
-4.114770293235778809e-01
-2.421515583992004395e-01
-4.068745076656341553e-01
4.887051880359649658e-03
4.163391590118408203e-01
-3.111566901206970215e-01
-3.973222374916076660e-01
-9.793393313884735107e-02
2.849217057228088379e-01
-3.802803531289100647e-02
1.014079809188842773e+00
-3.022738099098205566e-01
1.326591372489929199e-01
-3.019555509090423584e-01
-1.037886142730712891e-01
-2.721506953239440918e-01
6.927841901779174805e-01
-7.098075002431869507e-02
-1.233006715774536133e-01
6.518971920013427734e-01
-5.603935718536376953e-01
1.192863732576370239e-01
-2.779622972011566162e-01
4.586049616336822510e-01
-2.949991822242736816e-01
4.165633022785186768e-02
-1.591667234897613525e-01
5.555129051208496094e-02
1.651738882064819336e-01
2.055505663156509399e-02
-5.294343084096908569e-02
-3.175489604473114014e-01
-1.898286044597625732e-01
-5.105315446853637695e-01
1.811380982398986816e-01
-1.137955673038959503e-02
-2.306253612041473389e-01
-4.439914226531982422e-01
-1.891055405139923096e-01
3.877397477626800537e-01
-6.643920391798019409e-02
1.421475112438201904e-01
-1.346536874771118164e-01
-1.866862177848815918e-02
-7.848834991455078125e-02
3.909166455268859863e-01
2.854501008987426758e-01
1.143915727734565735e-01
-2.190846204757690430e-01
1.484853774309158325e-01
-2.131065726280212402e-01
2.814643979072570801e-01
-1.147170364856719971e-02
2.705668807029724121e-01
1.462801545858383179e-01
3.683128952980041504e-02
4.558641016483306885e-01
3.447467684745788574e-01
8.608348667621612549e-02
-2.495534718036651611e-02
-2.159107923507690430e-01
-3.788517117500305176e-01
-2.586295604705810547e-01
-2.698479592800140381e-01
4.900943040847778320e-01
1.676292568445205688e-01
7.842292636632919312e-02
-2.808694839477539062e-01
-6.264220476150512695e-01
-2.040525227785110474e-01
-1.735540628433227539e-01
-1.381384581327438354e-01
